27569,48052
19258,7926
15568,1345
23244,30099
42599,18962
23437,2006
42174,23499
47211,19740
45911,4015
22894,45685
46569,40442
10313,36194
49271,46793
2575,34109
4093,26049
10482,29815
39403,25258
12913,17365
47001,34196
11635,27726
42048,11408
28510,37151
17456,29638
23868,36168
48656,48096
11974,48268
39679,41647
31272,8556
36809,7850
20703,24206
45438,5192
17937,31609
36298,46466
41541,25062
33978,1719
37207,1124
48303,34469
21360,11603
4762,22023
6336,24206
18778,26155
44843,8846
6789,30079
15343,6763
39369,13476
46192,25257
16234,18992
35299,32753
22402,26545
39236,7217
15543,28067
3955,4480
35351,27086
45474,47540
32674,9287
29553,16039
23787,12420
4948,19276
3117,20812
11854,41544
24376,2996
22281,37828
38507,47951
10853,47389
12781,11097
22308,43635
23146,6188
22182,10091
11314,35714
43069,27518
39249,23866
35684,253
43442,12091
22137,4488
30707,10590
26624,41117
25678,5351
9102,24833
18885,35773
14159,23309
734,21354
572,6361
6710,37648
6808,37818
32713,9553
34341,39310
32605,6482
10454,46596
16872,39814
8158,5479
13123,3282
30119,45473
47649,28673
9959,6287
12166,27553
33887,10664
18703,46460
24536,33101
28137,10794
32567,44701
1338,43658
32904,36719
41820,15767
26333,6333
21871,33270
23849,4178
14231,19760
26772,37340
13085,33997
9427,3548
33836,6492
34122,22296
13084,10161
11403,13074
33618,23408
26457,45254
33504,44493
8867,23750
43932,26736
30396,44324
30430,4719
11196,9810
11332,11424
1024,25952
12450,20992
1883,15417
4474,22066
24126,4778
31797,23717
20187,1111
23767,14
20182,23348
6088,12262
15418,39813
28241,45237
32035,14349
1886,1360
45890,49104
18708,13987
23337,13189
34158,13285
4742,31309
16576,28129
44008,36108
42211,18291
1918,45520
11154,37490
9157,15475
531,41665
37305,17395
29609,48821
6101,24949
23424,41393
21420,34119
20864,27613
13999,43549
28623,44295
7344,27685
33694,36540
49149,22066
4027,44207
13817,29344
38825,49223
16092,25138
13690,24715
70,2323
4569,25968
597,2642
1047,42529
4588,949
38853,33081
31944,23242
6176,19448
22531,48111
20017,30846
5338,42424
34025,6128
47374,28030
4275,494
14393,16167
2219,16121
20996,19467
9873,21013
22515,34897
20382,5780
49660,3531
30207,47558
13292,11182
27050,47920
45558,41864
36504,47930
26256,17287
4669,10067
41425,11944
35780,4023
42715,19333
13105,10158
1058,21542
24751,23140
44550,16749
47031,22065
21886,31984
16164,24593
20024,1133
1965,17239
39303,29670
46776,44753
40182,24414
7831,12280
39737,21057
43999,26281
383,41287
25638,17902
32533,1175
5282,47728
36462,9213
29356,9290
40029,32024
9816,37579
33529,42533
16228,26365
35223,36519
37993,13904
46006,19705
33594,49503
254,36823
36892,32562
20499,15286
14236,14067
6455,2967
48697,39153
15497,34607
28114,43705
18617,13333
29811,5789
15984,25018
12500,49355
46511,48957
41205,14421
29039,19065
9168,15421
38889,4645
25685,16518
4391,45082
36350,2486
49977,15072
13873,25579
47081,48587
32623,28989
35104,13827
36530,29034
13547,9751
16189,26230
48437,45909
43259,48328
36908,49231
24,32207
35625,34265
27542,43782
33193,33073
19464,43940
32366,22511
16451,34003
46221,6734
49990,15036
9783,25063
20092,24017
12798,37661
4986,2691
19211,1252
26927,46462
18446,29313
18290,38393
25170,44255
46443,49707
6516,32034
35634,4626
30098,26559
42136,20931
25151,7475
12181,41555
5498,18637
43984,18762
43663,31101
3220,35794
25972,40882
9494,44300
6831,9834
21528,33749
33948,35727
19671,24302
42111,23479
14240,42771
15012,44338
10779,34596
12081,49830
37045,10567
13357,25974
16340,24917
18482,45010
13376,17826
2318,4638
49211,8230
40605,39552
35976,21527
17242,12071
8444,8397
22153,4520
43250,31741
13389,37118
12394,16084
4889,47558
14043,35633
20881,11729
6372,32972
11124,2597
8461,9029
29988,10300
14170,11643
37555,20109
44078,2927
32539,4728
26038,72
28105,48966
4898,26432
45206,6127
45636,26311
4163,11276
20907,40242
20491,13461
22144,25432
40638,5583
41721,19933
48994,49344
44987,20567
20020,41861
39813,35745
26206,20090
40956,13682
24428,1532
27247,30023
42420,35392
48701,29771
13570,16394
44427,44825
8406,25661
11762,33648
13965,15419
33591,34614
46945,39343
26638,14419
11473,35728
22644,45536
36658,21134
6683,41476
20126,21729
43213,15397
46293,28494
36806,3260
40567,11011
41699,30579
40739,43789
43671,19673
39979,34157
4017,7682
3768,41023
1957,2112
10019,17661
33549,9936
45654,15983
24229,15116
43618,4243
16041,42039
44359,5989
33117,29991
2997,67
40739,23398
31827,35314
41490,24187
17632,30321
47730,4232
47490,24892
35922,15421
6599,12861
37145,29125
17848,10600
1499,21865
24423,37370
42716,16948
34524,2655
38071,28919
34714,43851
35453,22619
37535,49648
14369,286
21026,48350
34148,30473
44164,6904
31884,39363
34246,3199
16261,6799
49598,30259
16437,11448
9430,23907
28595,2210
44787,11228
4935,40099
28476,13502
42839,16315
41546,28978
17732,27649
42798,49544
33028,41848
7403,18649
20870,5108
40155,9894
19429,25040
33017,44808
32238,28283
30881,41892
4765,48079
29560,6889
27187,6125
9026,2076
20337,42342
32813,31490
31226,4418
45055,37599
29646,24225
4500,38860
3042,34261
15203,34271
34669,14833
44481,25248
5478,10465
3430,46361
13421,28997
22762,15007
13242,26264
16531,21419
42290,34089
37954,11907
49827,48616
47383,47833
33524,3703
43035,32070
38998,36514
26552,34785
49866,353
41524,48294
49048,40450
38083,14315
37605,28533
21177,2486
46757,46321
25473,17227
10544,10744
22537,7088
22087,35365
16412,19548
13631,17833
28214,17851
23612,46906
40225,22731
22337,42922
36110,16028
3215,13926
35086,31821
8629,35868
40726,19800
29948,1369
49925,28831
43810,28292
34667,47394
23538,44061
34080,10610
34314,41942
38869,12423
35819,20584
11449,40456
42674,26628
10820,32923
16730,3569
35287,24128
27299,39830
35496,35716
48672,17833
33411,13299
6793,43901
28127,40373
5949,29385
43630,13008
47917,26079
8320,5313
26360,41700
24587,43234
6543,47723
23673,609
664,43676
19592,48450
19439,1954
16117,19711
30666,32489
25326,42780
14004,3755
35936,11457
9821,26057
22168,44593
47320,3055
22572,27242
18351,18900
31355,21629
28951,29600
37402,29556
34809,21535
16841,2771
23594,36160
1772,38606
6917,21956
37757,29779
12689,198
14256,43694
25179,11588
21127,49261
24480,24688
17966,1233
39792,18154
48616,38598
25545,14438
36731,29368
6307,14800
6391,31581
10300,19533
1720,22283
38190,44041
44253,32240
30628,21973
12824,6625
38228,12797
13052,5650
11059,26657
3849,24873
7677,12992
38223,2356
18449,11557
28524,10402
23853,48216
7755,26054
5919,25861
36738,12443
20743,17749
27340,38872
2552,47978
21943,41479
26669,28393
11826,15206
29380,34970
4284,16572
31555,1473
40928,12044
5044,33319
2787,41607
796,19336
38913,31708
22953,48354
29823,16298
30568,32706
3003,43021
4848,30246
47503,47455
7821,36207
15017,22051
39956,38692
6297,5109
48977,22088
35785,33817
13504,6356
42819,31793
1158,10677
31650,27164
45302,12197
45552,27795
1232,24196
16195,17310
42154,12870
40261,17607
24105,8856
35902,37192
38977,4771
19072,42089
1610,1734
12800,49898
49175,40014
34504,1265
7869,22614
36730,49243
38025,16546
42968,29552
37804,43986
45302,25756
30252,35620
28026,9178
46067,22142
31488,29338
39721,43944
9759,5454
29634,38599
20119,15323
3502,30033
32709,8020
36925,41698
19080,9704
28261,30535
46402,14451
10247,45424
22678,25249
24463,4056
39030,10810
44737,4611
22337,46440
24504,43379
34309,37013
29247,26707
17163,24938
10165,28181
26032,10086
9820,30776
21542,27070
29356,23629
10745,25651
28833,41065
18824,5359
9854,43367
5498,49
21821,21742
32397,26626
34989,28008
11767,44266
4099,23575
9614,24922
20593,28599
43310,15519
44573,21839
33158,4209
49825,43668
924,8376
19535,25258
29554,30965
1429,14302
17998,29607
3145,11264
48188,10510
39509,26996
11958,34728
38890,42300
16002,9269
41656,3423
36576,45798
33061,26576
16012,5156
44913,25557
42881,16007
639,4170
41907,45385
18672,24328
36350,28107
25099,30428
45143,21648
5140,35470
3680,31514
49157,43959
37598,18700
44538,49025
2548,13786
7212,30784
12712,19714
36278,2513
43097,17101
25091,18600
49077,38721
19412,18513
36361,44851
6487,19407
14167,43511
43067,39335
29231,20704
45824,36909
48370,10700
2866,28206
96,7566
36382,24790
19007,26830
15399,39958
39461,1541
13474,29988
5536,35391
43852,44354
49356,46584
4854,40607
24496,34453
27485,49180
21905,13001
23351,7066
25041,18863
47192,13544
28758,34122
38091,25285
18743,27370
8271,2662
34752,30457
44423,12988
43155,6744
38510,44781
31574,2167
21187,15476
30129,2050
42856,7314
46095,9163
40628,49846
15373,41108
45047,37803
41564,29276
41821,17282
43126,41863
30324,21829
34894,43800
14179,20946
34177,32538
14042,34820
11108,21818
35506,45694
39696,26650
16300,34666
16613,32481
1122,15357
39808,16716
42167,26729
22932,7100
40241,49035
40466,15819
44437,20662
3053,11295
35167,49723
6983,14480
39932,39188
47076,49338
21093,38487
23801,26492
37188,41812
18847,36433
30342,7305
11804,6025
5293,17234
5348,45773
25934,30366
15641,27058
37539,41515
11471,239
36161,40973
22139,48098
42934,45455
41633,24620
3447,1137
2749,9785
43206,25302
19447,28836
49706,4363
36480,10015
7505,49619
20001,7792
9245,47416
44031,23499
21652,49142
37160,782
5719,34312
29256,2317
22231,9591
16981,8120
21704,15606
13548,18538
9486,19600
40466,8128
26593,14694
31592,16761
22672,38477
49399,20054
18924,31847
49819,516
33552,37232
30985,46279
12659,19460
48359,47539
33324,14342
21816,26445
20957,47631
2366,9940
39815,1647
49845,36534
10374,42493
38307,31220
265,47492
37758,34872
48797,33316
4195,29720
22699,37421
28912,47430
26586,31404
2942,16291
48708,31775
24329,25779
29668,32478
32445,15435
9784,1830
6351,21293
30974,45697
6565,21466
24079,23884
40916,31211
8110,48094
37557,38839
21633,40477
6083,10070
35058,32594
43629,22910
43934,26971
13119,7170
11109,39604
27788,12844
10768,6117
49988,32577
21859,29888
48703,28708
37852,30997
29719,30171
48715,7500
13275,40269
75,13881
14372,21051
44193,10028
29495,6020
12368,15031
45607,39885
45325,4661
20232,33000
11051,24814
16162,27907
27066,16797
37566,8404
20508,9579
1940,26130
49903,28425
9528,49840
35579,9431
25143,41637
1755,1956
9371,42461
44348,32010
31754,16470
31028,37317
28220,27549
29358,1676
45200,10673
44881,25299
47251,40008
1020,44300
5410,45321
16597,23342
21774,31444
35933,23957
49780,46289
19745,1202
5980,15104
32182,14313
27588,15702
4548,30584
35879,20415
12155,49592
28066,30023
5232,4932
43511,5687
15756,41864
34643,16924
5305,4061
29250,21885
7368,14336
44221,49443
24185,10040
28116,38006
5928,32683
6935,22349
48073,39498
20376,3963
6530,24926
26187,9952
12080,17162
46348,19304
30358,41438
2900,5182
49259,12211
40789,10024
1050,31780
36407,24944
43116,25980
43303,8603
3507,40319
46472,36026
26237,14707
49308,35556
34466,35450
2571,13272
16055,32707
16014,23631
3247,26946
10402,992
31452,19522
30043,24146
18162,46024
8489,48155
7401,1763
39952,40725
13061,214
10612,4075
5322,45806
5106,9522
21241,7299
28853,10464
16204,1439
4729,35551
22534,21540
28529,32948
49350,15313
8354,44121
27740,37350
9182,25092
14215,2127
30750,3882
37955,7073
14266,17190
4921,17540
21248,35036
16895,7016
47672,39950
21317,44340
12900,10419
25453,7940
47823,24327
9715,27913
13089,32118
7313,48817
35601,8665
42360,16437
4994,27216
17627,16302
16133,21499
16970,49857
48171,13793
37211,40279
13009,13056
5327,4903
39557,40449
9442,49331
26211,48572
24151,34461
8075,18816
23266,13101
5922,9289
35446,47650
37768,34022
45548,18988
11040,24576
23101,48037
27680,33976
27482,19654
27599,32340
15360,6780
16157,25749
30604,2115
11544,20672
14968,33659
10773,6530
33549,44826
11615,17322
37742,32158
9334,2223
48974,21512
7779,34479
10463,18920
16209,31882
42125,8794
24482,18345
16814,14461
25315,31726
1557,36479
2863,30778
5091,18954
30719,8032
20400,7555
27204,17828
27257,41421
41346,19720
49288,48046
36803,5866
47534,30741
13713,36996
18425,16669
21778,11598
4643,35610
26772,16562
48502,4843
7258,39557
34092,31147
33612,28225
21380,7371
25181,37142
23653,27399
49817,49475
40875,31787
36796,33671
34482,35901
29374,31991
35560,15057
1962,39806
27476,10820
28525,34748
22687,27762
18539,38861
47062,38414
14380,17609
22411,16737
31158,7847
26197,34157
30350,32252
3648,14170
49320,27084
36172,11527
38318,32528
3224,32485
5970,5797
24444,6914
30939,13671
1200,39112
6392,9798
23233,39659
14085,4629
37509,19913
22021,48961
22892,36791
5883,8533
18369,7567
43720,26101
39549,11346
10406,39389
45243,27157
44675,32472
7331,9517
26592,28323
4968,8089
31341,41705
22704,46944
8766,29257
37815,27888
32565,24483
26527,33630
6159,3737
47050,42479
7464,29071
7063,34952
22312,40260
17929,49798
43254,29919
12187,21062
38003,7774
21869,43929
19858,13668
18344,42744
39140,11662
18570,38050
40263,40057
35705,48038
27834,7439
38279,45155
25275,16969
41423,23442
40700,19317
2521,45931
6870,33769
9799,1356
27515,38115
13824,20011
21113,49819
13290,32935
40687,1756
29714,37851
18527,6437
26789,15290
37271,34840
38223,38016
47532,30023
28793,47671
49248,802
27385,45458
31401,40932
41852,11368
28015,26992
35558,34345
15696,39339
15246,25763
15428,43636
31589,41581
35667,6095
29990,25839
15252,27018
9906,12451
33705,46880
39968,16888
22339,46858
28453,8914
14048,4504
18858,46248
27486,9754
23942,40552
14204,35026
48756,40233
18340,2625
12636,38284
22232,39282
17930,12165
19306,4975
36059,33610
45276,19636
40258,46915
15695,3741
12795,8967
1869,38066
3583,9037
26213,43190
21105,16
24220,1725
8089,21455
18165,12560
21910,4300
9568,43186
40534,45296
34287,29230
36016,8724
42809,17663
27650,34009
36087,15346
10020,25247
38564,35992
8819,25485
22345,42981
36122,16997
29286,14568
45314,43262
3667,9730
15169,28198
15614,26538
43947,25487
36531,24202
49961,17784
47208,30442
28486,27561
39312,25587
27530,42173
21684,40540
38687,32784
49323,41038
38948,17782
6283,35352
22700,27784
5023,27530
6918,9405
20205,6871
43547,25137
17520,2372
35605,39675
34831,2887
8100,27963
37247,47466
15000,15001
34895,45355
23506,9346
33820,27736
17270,30391
30389,39295
12586,33092
2878,13867
19029,1580
3214,40019
24236,24671
14570,37129
39777,32995
18588,16788
8120,22164
273,38922
47609,29914
42733,43628
40362,45483
3404,38207
36017,14078
9675,7303
574,5197
12373,48973
32639,29841
8739,49912
25884,19325
13286,2465
47496,23838
3150,37066
42021,13138
25366,41783
9318,20065
40641,14486
41069,31472
30772,4495
8748,19158
39590,37162
45678,45232
10809,21667
30897,33742
2079,33820
1753,10578
7124,23380
9018,47917
5466,21279
3078,4787
13548,20052
17121,48903
28756,20529
29905,9510
45818,42780
527,8472
48709,13887
45565,38223
19825,9924
12493,1199
650,45898
42301,28092
48400,45904
38883,44480
18317,28932
14450,7956
18675,31420
16932,27390
33274,37824
7753,29066
24364,9439
35293,18079
12118,20293
16568,21621
48547,25403
30599,43942
645,38466
2382,15526
25414,44021
13657,44357
8300,23723
37770,49682
30656,9416
38610,10500
30105,27266
19839,24800
23965,5639
49148,35091
4196,40916
4043,6425
45705,33876
17529,14454
24301,7206
6746,33158
7442,3687
1982,27592
14624,858
22963,25311
46330,30718
27775,25554
42696,43193
16487,26676
31872,8113
43556,2896
36321,6109
44211,4666
42445,5440
43148,48835
38700,30935
12214,42600
3257,29448
12155,35188
42569,20920
14264,6696
13173,35265
40112,49910
8108,36193
26941,24618
24450,23735
33930,6097
27260,4555
34812,2565
11126,42341
49434,250
8266,4631
18624,47401
47943,40028
5031,14619
23330,27058
39942,46072
35822,33280
17698,39041
38653,37223
2538,28203
26804,46870
15113,12667
6717,47606
475,13495
26817,40828
37117,40296
24953,45240
20536,41491
31656,12795
28529,30055
42179,30830
43354,48810
37999,11480
32199,43608
37268,33884
14248,47039
35610,27568
18331,22290
34876,47010
8063,38292
6192,23546
8980,37138
39909,27612
22787,28754
15941,33186
12049,37866
46910,44211
29386,3387
9784,20417
2233,36834
49268,32695
16400,45571
4148,14050
19458,7290
29768,9893
22750,47681
4027,10029
29482,8913
24199,30200
15169,13320
28959,8552
49371,24205
38958,37289
45191,13652
34397,8287
31212,28228
8495,5447
26304,30575
13902,41587
36575,17737
15595,33368
23182,43634
32613,7985
29211,1743
42510,30890
35407,36202
18003,49519
42347,26679
21100,45582
49947,9420
4960,30227
23753,34965
44313,47530
48351,1821
9204,1602
39726,48162
43764,7240
23966,6493
1025,14542
3826,30442
9422,1089
33197,13844
18271,25736
45686,34710
48597,9620
12242,26873
31790,30921
19174,36520
16381,47798
37004,5882
5934,31691
3263,26069
28276,46466
13560,27675
6743,17263
39083,42217
41269,46823
35906,12669
20759,44128
35574,2802
7060,17359
23770,20153
18235,6937
44438,16599
32608,30068
49916,7625
16656,25379
35559,1532
30703,3331
4486,47413
34493,20005
47248,1966
38708,14981
46350,9432
10603,26932
35708,45249
50000,49999
2890,40711
18622,10040
1399,23643
661,25300
11603,18019
29318,30422
36179,36795
18434,36745
7476,2831
30644,34679
2661,37829
2112,3311
20122,700
19141,15910
33625,24622
15268,41400
395,36752
49344,11224
30081,32279
49714,20314
25305,22445
30081,31264
14255,32901
33541,31507
20538,27645
29,606
34531,32699
3405,24674
43408,25718
30572,31878
44650,25245
41334,8734
21600,3901
22654,28535
27539,20901
20697,35371
36922,30701
32399,25201
35065,14862
3880,3497
1401,8836
5393,36398
30863,3280
47762,23918
12064,2745
39375,48297
45428,13383
31236,45926
5461,7308
16351,49558
44053,25681
29772,2583
41705,25868
10307,44413
44018,13821
34137,30710
12966,13065
13578,28787
46678,48683
35193,6457
10738,17991
26059,1738
6233,3398
18856,5499
31421,14677
45026,7638
48220,21172
21091,34884
38647,18807
8666,37580
30209,7636
2253,28005
36,6
38451,41957
30940,29690
690,49017
1930,12220
602,45902
2444,17353
43915,26756
42409,22683
26686,16427
36098,26904
39110,12789
7596,23056
9539,4809
11323,47857
35180,46640
16002,42264
10759,21915
13839,47898
15465,35429
41196,15383
19093,4020
21986,16398
40966,32001
41090,5138
35422,48749
47795,21826
2453,11033
3264,2845
48153,37797
49656,1274
37395,35405
41976,36832
19413,1143
45768,38070
23762,38484
49207,41489
13729,8889
10068,49618
11854,41984
49879,21415
40557,11120
173,32073
38285,30347
17839,28998
4189,25037
23667,26454
26069,32587
23596,3957
15093,22074
44230,36254
4466,16377
45999,6250
30279,23933
23538,43710
10099,42220
5792,6093
4795,38928
18416,32768
29455,38859
17267,36981
46017,28720
15681,35179
28967,38068
47351,4115
18236,19510
6721,38694
24066,15560
34700,24486
6442,17993
33834,44581
22109,41082
46733,46724
18752,46440
11682,17376
3534,748
6480,2941
15190,30571
2350,5462
33434,15480
37002,27110
38615,35999
27611,14978
8366,8225
13628,44393
49851,6683
18357,10023
30382,41508
19908,5462
48929,10634
3078,42962
3036,42953
24774,23787
48124,33184
20116,46218
5266,8451
40410,44543
36332,18971
24606,12141
48998,28530
29049,23071
4228,44698
0,10968
30802,21116
43915,827
15258,31985
35924,22956
24545,47114
34562,11911
41952,11390
18,81
34879,6837
4887,37516
25365,17082
27896,30558
35447,17305
3852,20045
9070,11461
46625,35229
16923,4827
26840,11079
32331,10806
4459,5272
1506,16581
10706,30697
4888,19614
23692,21721
11971,12117
30341,39495
16373,21376
18657,8137
33060,6092
4034,6295
1721,7135
14568,8800
37749,36656
16521,17573
49382,47882
2373,29369
15677,10683
44442,12752
17080,13003
3420,29378
41672,25535
19806,42135
11776,25253
49999,1
25177,40283
24567,20259
30187,14439
39187,16752
5739,30569
24334,36918
36335,40474
36258,26708
19492,38717
35322,21627
24927,9900
5752,41564
27225,8261
29007,8453
12428,24375
27672,32327
45022,10193
22356,41361
6756,8062
26398,32749
8687,43986
39068,49375
48090,46984
4624,49108
15472,21041
10311,30237
4862,22148
4879,41026
16344,32381
31401,13794
9273,4315
29124,41537
43689,4582
24014,13353
12295,6471
7306,15354
12563,38499
25258,49596
144,12
6176,20733
39661,35130
8121,22108
5833,26454
19685,21042
46220,24913
2013,39347
4542,23292
18001,36955
370,47918
30075,21498
28291,813
34814,29021
48964,3192
19664,34680
4240,46867
23219,43728
5847,15024
9838,1315
44946,35562
29961,40793
45062,12563
28545,15398
14986,28259
11020,24917
27975,3817
24829,19620
40779,31197
45135,1050
40344,3356
8283,24902
5467,14907
36894,9727
31670,45165
35688,46428
46216,32207
16807,9876
45128,13098
46858,45704
18170,6407
28985,24774
46832,48114
8322,49884
23213,2396
7876,19162
22672,42444
11102,36340
47130,22919
37544,37048
10218,49272
31469,33243
30380,15560
22081,21796
34986,34473
15432,40862
4556,26723
15277,47539
37979,48360
21150,39147
49324,35291
44955,38795
11511,23813
27381,7098
16146,2424
32786,27930
28612,908
18893,40021
12793,2240
25637,15891
48044,48964
24698,14515
3261,10848
16914,35589
1869,12169
26466,40247
26349,22497
49594,44705
10242,45577
28323,2400
731,2864
20627,3328
3408,27129
39406,2971
10548,15002
46435,20912
12828,8629
12006,472
9324,8589
36876,5688
31879,2731
18835,10811
2671,12275
22037,44470
390,25183
47720,40611
9,3
46466,31882
40370,19974
18604,10706
31262,35442
48812,46494
839,11354
38709,25773
14032,49700
806,16735
41186,6327
20098,37979
49245,8406
16166,26817
8944,34744
33247,34026
22368,32129
39617,17031
16950,17611
4748,24260
20344,1125
7584,4447
8821,3989
7747,23234
3974,20318
24480,253
16708,22262
5145,39667
16298,9901
14949,22955
12767,22746
17162,47794
11958,16638
8280,49204
5673,40722
38497,45933
1987,20959
10760,30036
29254,10964
25687,3839
13,29
22951,29792
31113,25866
30727,42591
37706,17295
45125,41922
48533,29230
45464,26550
2605,17728
9051,25734
7518,24914
24616,17079
42,42
37529,37645
43892,28264
6412,17054
29329,32068
17222,33850
36735,3248
16667,22669
9582,10342
35690,5604
48453,7493
47258,39478
41150,2504
32570,37834
24383,43451
30532,49604
18588,11231
33934,28207
18772,5004
36541,46985
7268,49763
21710,26775
11221,25276
818,25625
34230,40355
10567,35935
181,2091
29862,15089
49379,10274
13002,27166
8018,26952
48479,6743
2423,17568
457,12690
27612,31212
11749,34905
48399,14122
5815,46021
770,25398
43905,37519
18589,3462
22894,5869
2332,42938
32271,40889
26798,10811
26271,40046
20131,18652
11454,910
25158,9094
40818,9353
7582,17204
42920,36677
7838,37499
18414,3252
40293,20573
35089,28464
40561,13782
9338,12548
14341,2275
32176,22554
42749,26919
10180,44198
46309,23300
21728,7474
23357,17019
49645,49495
5343,32762
9156,41339
11468,180
48564,25134
11051,38258
19289,13499
45804,3411
44078,39434
38823,1980
41083,27249
24845,46875
15016,38966
17949,39556
18082,49452
40392,17011
49772,7865
21447,44423
46324,34872
47659,49908
7312,14846
20284,16548
49169,35433
1970,39558
2379,16798
8569,39321
23456,7890
11570,822
17010,14036
22433,25510
38459,13457
9710,17854
40169,41487
25403,44695
39046,31816
29751,45529
1216,48943
31943,43018
29166,12825
19626,28189
28683,17111
49416,46424
6981,21680
21709,15287
6153,10992
31883,39052
32031,22042
20613,3148
43176,20600
11730,32600
14709,39575
48505,21685
43818,6149
100,10000
35915,13529
46462,10273
11599,18163
14918,18495
33406,37622
44331,27516
20841,22056
48901,14949
44101,43591
49870,40449
46087,33457
36749,33056
44163,9253
21900,33831
6414,42780
37197,20050
29663,38089
1778,31880
40271,48261
33661,31508
1626,31898
17402,26971
28616,16797
29520,8442
45550,3448
15379,49749
10582,41926
30364,5736
28331,8178
20105,47751
15318,45218
30511,8661
33424,8915
22736,33367
17075,4579
32059,31828
17547,48205
47374,49437
13790,14927
4656,37075
24066,14204
25627,29388
27582,27622
49258,6490
40817,7340
26781,5391
15702,11724
44687,16360
36401,42356
21682,36790
42406,11288
47026,21872
3226,45463
16676,17222
14026,9025
37163,2327
11069,6862
642,19554