a)
Liczba występująca najczęściej 269 
1 1
2 5
3 1
4 1
5 3
6 1
7 2
8 4
10 2
11 2
14 3
15 1
16 2
17 3
18 2
19 2
20 4
21 2
22 3
23 1
25 1
26 1
28 3
29 2
31 4
32 1
33 1
34 2
35 1
36 2
37 2
38 2
39 3
40 2
41 3
42 1
43 2
44 2
45 3
46 1
48 1
49 2
50 1
51 2
52 2
53 1
54 2
55 6
56 3
57 1
58 3
59 1
60 4
61 4
62 5
63 2
64 1
66 2
67 3
68 2
69 1
70 2
72 2
73 1
74 1
75 3
76 4
77 1
78 3
79 1
80 1
82 1
83 1
84 1
85 3
86 2
87 3
88 1
89 3
90 2
91 1
92 2
93 1
94 1
95 3
96 2
97 1
98 3
99 2
100 3
101 3
102 1
103 1
104 3
105 1
106 2
107 1
108 3
109 1
110 4
111 3
112 3
113 1
114 1
115 2
116 3
117 3
118 1
119 3
121 3
122 2
123 4
124 1
125 1
126 3
127 1
128 1
129 3
130 2
131 2
132 2
133 3
134 3
135 2
136 4
137 2
138 3
139 1
140 2
141 1
142 3
144 3
145 3
147 1
148 2
149 2
150 2
151 4
152 2
153 2
154 3
157 1
158 1
159 4
160 3
161 2
162 1
163 2
164 2
166 3
167 3
168 3
169 2
170 3
171 2
172 2
173 2
174 2
175 2
176 1
177 6
178 1
179 2
180 1
181 2
182 2
183 1
185 3
186 1
187 2
188 3
189 2
191 1
192 2
193 3
195 1
197 2
198 3
200 2
201 2
202 1
203 5
204 2
205 2
207 2
208 2
209 1
210 3
211 2
212 2
213 1
214 2
215 4
216 2
217 1
218 4
219 1
220 2
221 1
222 4
223 3
224 3
225 3
227 1
228 5
229 3
230 1
231 1
232 4
233 2
234 2
235 2
237 1
239 3
240 2
242 2
243 4
244 3
245 1
246 2
247 3
248 2
249 1
250 2
251 2
252 2
253 1
254 2
256 2
257 3
258 1
259 4
260 1
261 1
262 3
263 2
264 1
265 3
266 1
267 2
268 2
269 10
270 2
271 1
272 2
273 5
274 3
275 2
276 1
277 3
278 3
279 1
280 3
281 1
282 5
283 3
285 4
286 1
287 1
288 2
290 4
291 1
292 3
293 2
294 4
295 5
296 3
297 3
298 5
299 1
300 2
301 2
302 2
303 3
304 2
305 2
307 3
308 3
309 2
311 2
312 2
313 3
314 2
315 2
318 2
320 3
321 1
322 1
323 1
324 1
325 2
326 4
328 3
329 2
330 1
331 3
332 1
333 1
335 1
336 4
337 2
338 2
339 5
340 4
341 1
342 1
343 1
344 1
346 2
347 6
348 2
349 5
350 3
351 3
352 5
353 2
354 1
355 1
356 2
357 2
359 4
360 2
361 2
362 2
364 3
365 1
366 3
367 3
368 6
371 3
372 1
373 2
374 2
375 1
376 1
377 1
379 3
380 2
381 4
382 5
383 3
384 3
385 1
386 5
388 2
389 1
390 1
392 2
393 3
394 1
395 2
396 4
397 2
398 2
400 2
401 2
402 1
403 2
405 2
406 4
407 1
408 3
409 1
410 2
411 1
412 1
413 3
414 2
415 3
417 3
418 1
419 3
420 1
421 2
422 4
423 1
426 1
427 1
428 3
429 7
430 2
431 3
432 2
433 3
434 6
435 2
436 2
437 2
438 1
440 1
441 2
442 2
443 4
444 2
446 2
447 3
448 1
449 2
450 3
451 4
452 1
453 3
454 4
456 1
458 4
459 1
460 3
461 4
462 1
464 2
465 3
466 2
468 2
469 3
470 5
471 1
473 2
474 5
475 1
476 1
477 1
478 1
479 4
481 3
482 2
483 1
484 3
485 1
486 1
487 1
488 1
489 4
490 4
492 2
493 3
494 1
495 1
496 2
497 3
498 3
499 1
500 4
