25 14C
15 1C8
13 398
7 121
14 50
18 2C5
7 2531
14 478
9 323
21 13A
22 30K
3 12
9 175
29 HK
9 612
8 176
5 244
7 212
4 322
27 FD
4 12
29 GI
15 E3
19 4BC
21 IJ
6 42
22 A1
5 131
24 3A
10 36
4 130
5 32
20 J9
24 47I
19 278
24 30I
19 3CF
9 1
11 3A3
12 85
24 66
8 134
20 J9
5 224
7 60
8 345
18 9C2
22 7E
9 151
8 136
29 HS
20 II
26 12O
20 5F
26 15P
17 B5
3 10120
6 544
14 9C
16 D1
6 20
7 346
26 M9
8 147
28 CD
5 143
10 143
23 36
15 67
11 19A
4 210
23 DL
11 9A3
18 44
22 KJ
12 4B5
17 55
9 478
29 9C
22 H7
26 NB
26 IN
10 131
10 198
8 354
26 NB
19 FH
23 15
19 21
17 7B
14 9B6
18 1C8
24 14K
15 57
17 46
24 EI
4 331
20 JD
27 KP
24 E6
18 2H0
17 12G
9 168
16 E7
26 E3
20 DG
26 CJ
13 60
22 2AL
19 FC
20 BD
11 70A
28 CB
14 6C
17 5G
10 229
8 312
10 91
24 MB
14 4B8
4 122
24 39
18 D6
15 10A
27 LK
23 KM
29 I0
24 1C
4 122
12 9A5
26 HL
17 76
26 LG
4 200
18 29D
24 7H
6 233
26 K0
14 B4B
18 CD
17 6C
15 BE
4 312
14 22D
14 54C
18 H4
16 32A
18 19H
26 HN
22 KC
4 232
8 77
15 13C
11 922
13 72
8 155
26 LP
9 57
28 53
16 3E
14 9D
14 9A
14 B2
19 G5
4 233
7 641
13 9B
18 HG
20 DF
9 268
26 K7
23 6C
25 20F
23 10M
9 325
11 A3
9 432
12 22A
21 JD
3 2021
25 D4
21 2HB
16 E8
13 5B
23 AD
8 131
10 111
29 QQ
29 AO
13 54
24 IN
19 CG
7 642
4 300
21 AK
20 84
22 C9
10 651
19 EH
22 C9
29 6P
23 11
10 901
4 232
26 MP
8 125
21 HE
22 1L
25 F6
19 6H
14 A0
18 B0
21 2D
9 101
4 302
21 95
15 72
26 GG
22 BA
15 4D
20 30
11 632
3 120
19 IF
6 331
29 F3
22 35
6 43
14 354
26 F4
18 9D
7 250
21 57
19 77
19 FE
16 8F
26 LG
17 7B
7 452
19 H9
29 R1
25 16M
15 D9
27 N3
16 21
12 374
11 97
29 RD
7 414
15 30
20 9F
27 17
8 352
25 A9
25 7F
22 KH
16 E3
29 28
17 9F
12 7B9
29 1F
24 15E
3 11102
29 RL
9 83
6 432
11 593
4 22
14 11C
9 156
24 32
8 45
22 GF
11 4A
24 DN
29 7R
16 4E
9 186
16 98
25 BN
7 564
18 12F
27 GB
6 522
17 49
13 22A
16 6D
21 DC
18 33
28 68
29 IR
11 792
29 GF
21 9K
14 6B
12 17A
10 910
19 EA
14 39
19 D2
23 96
10 264
24 GE
16 62
24 C6
26 8B
24 7N
13 A8
14 3B7
25 HK
6 234
17 1C
14 AB
15 31
12 7A4
16 5F
20 82
28 1F
14 6A7
14 31
26 1K
12 77A
7 404
19 CH
8 200
27 EL
14 57A
5 334
4 101
11 37A
20 8A
29 93
15 3E
10 972
9 88
24 1DN
11 321
24 F9
5 323
8 367
6 135
23 10C
6 233
5 144
15 73
9 66
26 J5
13 1BC
6 244
26 DG
8 143
13 76
14 1C
4 332
15 55
14 5D
12 8A4
21 17D
13 1C9
6 210
20 AD
6 21
18 3F
14 C6A
20 EG
3 12221
13 B3
24 N9
29 40
16 E8
5 133
10 147
23 5J
13 BA
11 AA
4 331
6 142
4 323
15 71
21 GB
18 BD
25 60
18 EE
6 434
12 9A5
16 BD
14 93
27 IK
11 2A5
23 A9
13 87
15 95
8 247
13 2B3
28 2I
23 77
27 NP
29 B8
10 123
24 CM
11 763
13 462
18 9G
22 15G
5 114
22 4I
6 425
18 D3
19 22
19 46
26 MA
17 31
26 HK
23 G8
19 92
22 55
24 FJ
27 7P
6 541
18 9B
19 6D
22 DD
24 CJ
16 A2
9 242
18 F4
3 202
17 1BG
22 3B
8 220
6 50
20 H3
22 H8
4 201
6 53
26 IP
15 80
7 546
24 7G
6 40
29 5P
9 58
15 76
12 49
18 4E
12 A34
22 14
29 L3
7 65
17 9C