243011
682086
63189
534842
883762
515250
477009
28604
134912
440119
705478
94662
449575
850559
442231
508221
810070
338060
177083
605510
316686
779029
367512
314260
820351
839396
960170
49822
52274
339351
566321
256647
608213
7046
747276
477868
491471
184771
985083
660883
117224
208079
963243
390031
166078
212984
25507
866306
407269
743232
91756
278674
777109
700250
746447
423642
588183
577378
568946
602193
913192
872599
966725
355680
466253
143640
375942
853042
369636
867596
997653
729428
939888
910634
934733
924096
530729
994970
793221
835130
196196
509805
777000
377053
512464
167321
816395
853331
808593
923053
243161
217189
709374
422272
859004
100064
10486
364026
39015
960093
105171
159079
717917
80193
148058
299814
606046
478812
504857
967621
925734
602654
218109
597027
328075
993265
330549
517605
64820
275795
799765
557712
296073
593977
15883
413067
211214
573662
214934
768160
683526
436914
926243
744461
987530
118406
611676
798837
139430
775504
567502
497522
473993
37123
883109
704922
872872
793125
273250
920941
661025
230455
888525
561022
676374
347840
705700
611451
77229
857755
771907
843870
821302
656318
969799
167694
440637
337653
101532
179221
95367
718782
639862
332845
242218
969268
652373
453538
247781
466293
136849
240224
807783
644370
726988
846576
329694
265298
75379
352718
263400
955478
503447
241340
615046
271181
287699
369417
22839
242546
944610
874721
411317
935015
98384
854684
442144
975405
605295
529741
42818
486029
824243
785540
492774
140309
621118
420923
750272
7469
549642
362984
248598
303142
674906
827615
66690
263815
295348
174737
385600
98024
471121
938508
479277
643919
772432
879013
271115
505566
153834
82179
309996
722212
698777
334535
944149
561023
238111
571351
154332
983585
345266
55997
924632
729102
700234
482057
571630
105828
109481
331408
741880
642236
186519
499784
562102
856651
427541
132974
589793
379082
141005
246622
297663
284820
618704
248087
172281
931142
376625
7586
315921
428018
638181
234191
277162
140925
646315
361437
719879
392871
699750
773675
339582
620831
781040
256114
665247
344280
854451
939679
859377
487288
505749
643982
754147
601348
154270
335172
259561
814677
371107
678772
964875
789157
799504
952187
492295
311968
115344
674296
1322
542280
669332
67768
679342
568264
525829
238595
462445
989907
9387
643319
568853
179057
662094
774697
28519
601417
363765
748729
564473
486848
480837
914135
893623
903435
950329
491867
432301
136069
724090
207868
701135
87945
917432
615568
396651
329463
632987
639931
561772
529846
654266
986911
689575
655322
448598
832764
719338
872071
895661
665267
217925
871833
268398
388271
254954
49800
590120
451044
393278
240905
205587
638115
18096
615887
590353
695920
556044
913565
719530
864960
534240
810867
495414
658363
13452
748279
225796
380875
595077
784906
348371
839533
62175
530721
48796
767709
693647
175821
691160
750771
927193
843499
307768
501840
747368
622227
281507
256521
478996
930965
255013
393045
991483
228403
107205
789499
794222
213574
528842
670072
195534
941600
936308
589990
230617
488510
969813
819611
860234
137738
619967
407449
487889
838308
720069
478529
747629
776276
232792
623324
462488
506042
23899
189990
289356
521253
736593
583346
499930
722617
584773
333999
508080
3027
567652
623194
175184
115404
370371
363254
170878
538896
864896
214891
958383
283621
814637
323067
442239
32658
545893
199794
539535
64233
818843
229102
608372
87351
712424
738930
961186
615161
715007
48697
156970
658249
