398
158
420
232
231
300
362
154
95
430
349
210
86
337
55
422
292
269
444
177
242
136
468
461
151
484
307
25
432
331
340
117
447
167
458
460
413
48
157
410
458
188
193
454
211
459
108
326
215
429
269
20
94
493
98
41
269
326
78
182
253
225
422
168
37
244
8
401
469
72
470
78
431
38
342
362
252
8
349
200
470
352
189
8
347
313
62
436
240
415
10
309
118
487
393
441
429
468
99
60
197
434
191
386
318
461
93
208
49
68
136
407
251
474
131
360
55
110
361
297
268
325
301
383
344
384
361
286
108
151
161
349
110
52
62
269
128
60
109
469
116
135
26
122
144
167
364
336
259
450
40
198
243
111
392
437
249
60
150
239
489
33
181
324
148
408
228
347
419
446
269
74
500
403
296
258
31
45
166
216
205
492
273
380
473
367
338
11
385
429
185
222
453
328
288
489
270
45
277
110
101
417
318
228
478
67
465
477
1
396
321
312
160
163
77
141
133
18
308
346
177
283
19
95
419
123
336
335
98
233
313
470
423
336
282
413
246
67
434
170
268
28
203
337
481
217
153
474
229
243
188
201
235
11
232
142
458
438
393
315
433
384
290
418
55
450
469
295
359
22
406
28
260
2
386
339
72
340
401
154
51
479
470
151
498
357
295
430
453
347
410
58
96
100
17
474
275
405
447
138
140
297
277
394
388
298
396
278
386
326
130
376
293
218
436
471
55
299
307
458
43
31
111
149
121
123
243
273
312
408
204
282
489
89
454
138
202
336
264
228
174
343
115
172
462
294
382
450
303
265
104
126
108
293
119
137
396
411
272
177
492
89
104
311
133
169
134
112
154
133
490
422
164
193
61
339
395
61
95
29
88
39
302
237
168
218
405
101
242
31
187
413
294
493
441
398
296
285
76
474
213
279
56
397
124
115
223
298
193
349
104
456
273
428
219
380
162
228
76
381
434
323
70
444
151
498
129
122
222
333
138
44
451
55
218
269
239
144
366
414
105
379
34
451
251
479
225
277
14
382
100
234
121
18
10
364
341
499
112
415
304
114
269
273
38
278
62
160
429
400
452
16
97
429
54
368
381
382
346
325
322
234
244
308
309
86
393
448
173
235
192
384
275
126
166
270
320
377
386
434
207
209
372
227
352
175
432
303
66
295
396
353
63
52
314
290
164
280
181
53
267
331
187
121
102
331
460
383
350
177
106
379
295
45
46
421
163
481
280
174
392
428
132
315
197
490
232
117
58
66
497
301
474
149
483
103
339
39
304
129
222
195
106
223
371
60
479
259
470
123
21
449
351
349
282
107
161
367
168
44
136
406
429
454
465
419
496
246
466
203
368
90
90
402
368
222
215
145
449
259
371
131
486
177
307
198
313
56
59
22
382
300
171
116
400
329
359
443
75
280
426
92
3
500
256
269
5
248
177
192
247
340
461
271
36
152
130
417
368
140
466
408
484
35
461
350
4
443
170
171
78
132
291
360
173
442
252
223
433
21
19
494
150
421
328
382
488
290
248
137
352
497
214
55
290
160
85
116
28
224
123
354
464
292
179
87
431
285
359
287
383
178
79
460
210
282
233
347
356
89
100
274
283
224
2
330
257
272
212
495
20
465
373
80
148
14
451
490
39
17
212
339
273
320
347
254
61
119
303
359
292
183
113
186
203
409
451
144
170
57
37
229
403
22
381
145
112
350
54
475
76
390
142
422
14
381
435
417
373
136
288
207
32
443
85
332
371
49
6
351
500
167
389
23
182
447
386
298
62
305
433
497
440
145
368
41
379
64
176
308
261
58
126
397
67
259
435
5
29
406
153
159
434
220
446
267
188
87
302
365
172
85
311
347
294
243
61
351
40
282
8
245
355
201
189
125
68
221
15
224
218
254
75
431
278
482
496
406
134
320
147
348
169
247
314
96
229
239
142
82
269
366
75
220
428
442
134
63
329
367
210
34
352
269
262
166
274
352
179
51
285
185
412
17
498
228
180
215
375
263
298
338
7
87
464
50
357
481
62
159
5
395
500
41
434
216
20
16
214
281
297
340
2
175
326
101
152
493
84
298
374
415
56
69
429
119
479
117
257
208
232
215
265
247
111
7
2
262
250
20
265
110
454
92
2
285
490
484
203
473
203
36
353
262
200
139
348
489
274
294
482
83
250
374
42
257
453
476
76
204
388
129
263
296
198
244
159
266
368
356
70
427
437
159
485
276
443
43
225
240
99
364
135
205
366
328
185
127
339
211
283
295
256
414
98
91
230
73
305
31
