b)
349
337
269
461
151
307
331
167
157
193
211
269
41
269
37
401
431
349
347
313
487
197
191
461
251
131
383
151
349
269
109
167
239
181
347
419
269
31
367
11
277
101
67
163
283
19
419
233
313
67
337
229
11
433
359
2
401
479
151
347
17
277
293
307
43
31
149
89
293
137
89
311
193
61
61
29
101
31
397
223
193
349
151
269
239
379
251
479
277
499
269
97
173
227
353
181
53
331
331
383
379
421
163
197
149
103
223
479
449
349
107
367
419
449
131
307
313
59
359
443
3
269
5
461
271
461
443
173
223
433
19
421
137
179
431
359
383
79
233
347
89
283
2
257
373
17
347
61
359
113
409
37
229
373
443
167
389
23
433
41
379
397
67
5
29
311
347
61
431
229
239
269
367
269
179
17
263
7
5
41
281
2
101
479
257
7
2
2
353
139
83
257
263
443
43
127
211
283
73
31
