2023-04-08,41.3,31.8,0.0
2023-04-04,40.9,31.4,0.0
2023-03-31,40.6,31.1,0.0
2023-03-27,40.2,30.7,0.0
2023-03-23,39.9,30.4,0.0
2023-03-19,39.5,30.0,0.0
2023-04-09,39.3,29.8,16.5
2023-03-15,39.2,29.7,0.0
2023-04-05,38.9,29.4,4.7
2023-03-11,38.8,29.3,0.0
2023-04-01,38.6,29.1,15.2
2023-03-07,38.5,29.0,0.0
2023-04-07,38.3,28.8,0.0
2023-03-28,38.2,28.7,2.1
2023-03-03,38.1,28.6,0.0
2023-03-24,37.9,28.4,8.3
2023-04-03,37.9,28.4,0.0
2023-02-27,37.8,28.3,0.0
2023-03-20,37.5,28.0,5.6
2023-03-30,37.5,28.0,0.0
2023-02-23,37.4,27.9,0.0
2023-03-16,37.2,27.7,11.9
2023-04-10,37.2,27.7,0.0
2023-02-19,37.1,27.6,0.0
2023-03-26,37.1,27.6,0.0
2023-03-12,36.8,27.3,3.8
2023-04-06,36.8,27.3,0.0
2023-02-15,36.7,27.2,0.0
2023-03-22,36.7,27.2,0.0
2023-03-08,36.5,27.0,9.1
2023-02-11,36.4,26.9,0.0
2023-04-02,36.4,26.9,0.0
2023-03-18,36.3,26.8,0.0
2023-03-04,36.1,26.6,6.2
2023-02-07,36.0,26.5,0.0
2023-03-29,36.0,26.5,0.0
2023-03-14,35.9,26.4,0.0
2023-02-28,35.8,26.3,14.7
2023-02-03,35.7,26.2,0.0
2023-03-25,35.6,26.1,0.0
2023-03-10,35.5,26.0,0.0
2023-02-24,35.4,25.9,1.5
2023-01-30,35.3,25.8,0.0
2023-03-21,35.2,25.7,0.0
2023-02-20,35.1,25.6,7.9
2023-03-06,35.0,25.5,0.0
2023-01-26,34.9,25.4,0.0
2023-03-17,34.8,25.3,0.0
2023-02-16,34.7,25.2,13.4
2023-03-02,34.6,25.1,0.0
2023-02-12,34.4,24.9,2.8
2023-03-13,34.3,24.8,0.0
2023-01-18,34.2,24.7,0.0
2023-02-26,34.2,24.7,0.0
2023-02-08,34.0,24.5,10.6
2023-03-09,33.9,24.4,0.0
2023-01-22,33.8,24.3,0.0
2023-02-22,33.7,24.2,0.0
2023-02-04,33.6,24.1,4.3
2023-03-05,33.4,23.9,0.0
2023-02-18,33.3,23.8,0.0
2023-01-31,33.2,23.7,8.9
2023-01-10,33.1,23.6,0.0
2023-03-01,33.0,23.5,0.0
2023-02-14,32.8,23.3,0.0
2023-01-27,32.6,23.1,6.7
2023-02-25,32.5,23.0,0.0
2023-01-14,32.4,22.9,0.0
2023-02-10,32.3,22.8,0.0
2023-01-23,32.0,22.5,11.3
2023-02-21,32.0,22.5,0.0
2023-01-19,31.9,22.4,3.5
2023-02-06,31.8,22.3,0.0
2023-02-17,31.6,22.1,0.0
2023-01-06,31.5,22.0,0.0
2023-02-02,31.3,21.8,0.0
2023-02-13,31.1,21.6,0.0
2023-01-29,30.9,21.4,0.0
2023-01-15,30.7,21.2,9.8
2023-02-09,30.6,21.1,0.0
2023-01-25,30.4,20.9,0.0
2023-01-02,30.2,21.7,0.0
2023-02-05,30.1,20.6,0.0
2023-01-11,29.8,20.3,5.1
2023-01-05,29.6,19.7,0.0
2023-02-01,29.5,20.0,0.0
2023-01-21,29.3,19.8,0.0
2023-01-28,29.0,19.5,0.0
2023-01-24,28.7,19.2,0.0
2023-01-17,28.5,19.0,0.0
2023-01-07,28.3,18.8,7.2
2023-01-20,27.6,18.1,0.0
2023-01-03,27.4,17.9,12.7
2023-01-13,27.2,17.7,0.0
2023-01-09,26.9,17.4,0.0
2023-01-16,26.1,16.6,0.0
2023-01-01,25.8,15.9,0.0
2023-01-12,25.5,16.0,0.0
2023-01-08,24.7,15.2,0.0
2023-01-04,22.1,13.8,0.0
